81.79827419095005 24.905823290540418 9.875031674816936
91.49311273733487 6.29452353671256 8.852093346230848
82.48473298922583 7.279990200307395 84.02880909153247
90.59747322966415 -24.422341087490807 47.79990861943071
79.12065702381769 -61.083504917347376 20.831048813720997
90.28988657123597 -17.33510688362533 -0.22210234243968952
80.04905611251976 -21.707388838962228 -11.44842735443019
91.29002565284871 -2.600782520076561 -5.840227796857578
82.12725236677845 11.541303960461047 -12.072180098557105
91.57850325805558 6.116076243381119 0.019212676088820047
56.07756528068994 67.70857268020103 37.350489912603656
64.52204239257142 35.70969602201962 71.20008446672348
52.080878194659036 -0.21152718286232552 57.70627043892702
60.264341357619884 -44.75825251398946 61.99681116575003
52.93584836122888 -46.51713382772205 20.14541032384879
62.11795337222196 -37.623299517720035 -6.212734052428526
52.05171172423789 -18.2775398459189 -26.608270942418688
61.79859325843408 3.7104424872789754 -41.74784752105267
53.73594208094555 39.841321908184234 -29.015305587535668
64.9187779138275 49.11037105754795 0.17560273156160822
22.450448695302597 42.02500430647643 21.689285820705077
31.531649361945284 20.392276863137077 41.5076468486428
18.595265534102275 -3.0143455401641095 13.859241144520212
28.790190402689824 -36.50323415000467 32.52279715589916
19.840447325302037 -23.28208130073972 8.428691005719946
31.243011130184357 -18.568217237727 -10.256600772580759
19.660744376053216 -1.1258404656247223 -24.325878209845044
31.090707144113843 34.861362484560814 -51.4390975229807
20.699875146074042 29.167257853483786 -15.484037426893583
34.559081719893754 55.433390988076866 4.109581722522049
